ID_student	f1	f2	f3	f4	f5	f6	f7	f8	f9	f10
800	806	1007	1021	1009						
801	821	803	817	815	807	1007	804			
802	1010	808	805	816	1007	1021				
803	815	817	801							
804										
805	802	1010	816	808						
806	800									
807										
808										
809	807	1007	818	805						
810										
811	812									
812										
813	818	810								
814										
815	803									
816	802	805	1010	808	1007	807	1021	1030	818	
817	815	803								
818	813	810	807	814						
819	1017	812	811							
820										
821	801	817	803	815	1007					
823	826	843	841	812						
824	837	829	823	828						
825	836	828	839	831	992	851	848	852	846	842
826	843	823								
828	990	845	832							
829	846	832								
830	833									
831	838	850	839	842	844	835	855	836		
832	829	828	845	834	843	837	842			
833	830	836								
834	843	828	826	823	840	829	846	832	849	845
835										
836										
837	824	832	840							
838	831	850	839	836	842					
839	850	842	838	831	844	835	851	825	848	852
840	834	843	828	1009	824					
841										
842	831	838	850	839						
843	834	826	823	841	829	846	849			
844	835	839	842	838	831					
845	990	828	836	848	825	832				
846	829	841								
847	807	845	885	852	836	846	849			
848	851	835	844	845	825	836	847	839	850	
849	846	841	843	829	826	842	825	836	852	834
850	839	842	831	838	836	825		852	849	844
851	848	835	844							
852	836	850	825	849						
853	886	881	876	872	873	883	885			
854	887	855	864	880	856	871	861			
855	854	831	887	1023	871	864	874	867	877	873
856	857	884								
857		856	884							
858										
859										
860	885	871	874	879	1008	861	869	863	868	993
861	864	868	874	860	883	877	873	888	995	887
862	872	869	883	881	876	853	886			
863	869	993	876							
864	856	857	887	844	884	854	873	878	880	
865										
866										
867										
868	861	883	888	995						
869	863	876								
870	878	882	853	886	885					
871	860	874								
872	867	854	887							
873	877	856	864	880	855	886	853	857	887	854
874										
875	886	888								
876	862	883	869	881	863					
877	857	856	873	884		864	861	1023		
878	870	877	873	864	856	857	850			
879	995	880	868	860	874	864	856	857	853	885
880	864	873	856	887	861	854	855			
881	876	886	853	883	869					
882										
883	862	869	868	995						
884										
885	871	874	860	870	855	854	887	886	853	993
886	853	881	876	888	875	873	872	885		
887	854	855	871	873	864	861				
888										
889	891									
890	910	894	915							
891	889									
892										
893	908	898	899	903						
894	890	915	910	902	908					
895	861	864								
896										
897	906									
898	908	893	968							
899	903	893								
900										
901										
902	896	941	933	905						
903	899	893								
904	900	902	906	896	905					
905										
906	901	902	905							
907	900	912	913	914	911	898	908	895		
908	899	898	968							
909	903	893	900	895						
910	915	890	894							
911	914	900	907	912	913	899	893	895		
912	913	907	900	911	895	890	894			
913	912	907	900	895	894	914	911	890		
914	911	900	912	913	907					
915										
916	941	927	917	936	940	932	902			
917										
918	921	938	922							
919	937	934	947	939	942	924				
920	940	916	941	936						
921	918	922	938							
922	938	918	921	933	941					
923	945	926	925	935						
924	934	936	947	919	937	938	939	942		
925	945	926	923	935						
926	925	945	923	935						
927	941	932	916	917	918	937	940	947	928	935
928										
929										
930	943	948	938	920	932					
932	927	940								
933										
934	924	947	919	937						
935										
936										
937	919	924	934	939	942	947	918	936		
938	922	921	918	933	924					
939	942	919	937	934	924	947	936			
940	920	941	932							
941	902	927	916	917	940	935	924	933	936	945
942	939									
943	948									
944										
945	925	926	923	935						
946										
947	934	924	919							
948	943	932	922	928	917					
949	963									
950	962	1026	959	951	967	952				
951	952	955	964	959	950	962	967	1019		
952	951	964	950	959	955					
953	968	957	965							
954	956	967	957	963	1006	959	951	965	970	964
955	951	952	950							
956	954	957	967	963	1006	959	965	951	970	964
957	965	953	968							
958										
959	950	964	955	961	951					
960	962									
961										
962	960	967	951	952	950	956				
963	949	957	1006	964						
964										
965										
966										
967	934	962	953	1006	951	960	950		1026	968
968	953	965	957	970						
969										
970										
974										
975										
976										
977										
978										
979										
980										
981										
982										
983										
984										
985										
986										
990										
991										
992										
993										
994										
995										
996										
997										
998										
999										
1000										
1001										
1002										
1003										
1004										
1005										
1006										
1007										
1008										
1009										
1010										
1011										
1012										
1013										
1014										
1015										
1016										
1017										
1019										
1020										
1021										
1022										
1023										
1024										
1025										
1026										
1028										
1029										
1030										
1031										
1037										
1038										
1039										
1040										
1041										
1043										
1044										
1045										
1046										
1047										
1049										
1050										
1051										
1052										
1053										
1054										
1055										
1056										
2401										
2402										
2403										
2404										
2405										
2406										
2407										
2408										
2409										
2410										
2411										
2412										
2413										
